"Pattern1"	"Pattern2"	"Pattern3"	"Pattern4"	"Pattern5"	"MAP"	"PPDE"
"ENSG00000025423"	1.10145666407829e-44	0.999999999999863	1.01088725087961e-43	5.09429764516263e-42	1.37370472912927e-13	"Pattern2"	1
"ENSG00000109814"	8.58117581416293e-54	3.52886562695256e-21	8.35820455143972e-08	3.4271396995137e-57	0.999999916417955	"Pattern5"	1
"ENSG00000196177"	5.59650199052611e-29	0.980757311881107	2.28469259407547e-28	3.29736516304036e-17	0.0192426881188929	"Pattern2"	1
"ENSG00000004799"	1.03710337964787e-17	0.995934909536089	1.84959573411058e-18	2.87040420091084e-12	0.00406509046104099	"Pattern2"	1
"ENSG00000023330"	1.64525590297341e-18	0.999999999714287	1.64349908594643e-14	6.75597665889943e-29	2.85696256404688e-10	"Pattern2"	1
"ENSG00000023839"	3.11778265854927e-106	1.44901639902469e-10	4.3784289819809e-47	1.88734291500079e-98	0.999999999855098	"Pattern5"	1
"ENSG00000024422"	3.32350453486795e-19	0.995969725014903	1.72944357056571e-19	1.14675158469215e-14	0.00403027498508577	"Pattern2"	1
"ENSG00000034510"	3.08749182649149e-33	0.940033407332589	5.48679388111808e-34	2.14655046593015e-18	0.059966592667411	"Pattern2"	1
"ENSG00000035862"	4.8331371574327e-17	0.99999999999963	1.44957563882499e-21	2.48707786326617e-24	3.70435837681689e-13	"Pattern2"	1
"ENSG00000039537"	4.72131459694399e-20	5.41172884992009e-11	2.65292107714845e-22	0.968069513354612	0.0319304865912705	"Pattern4"	1
"ENSG00000044574"	2.04482547337468e-40	2.94388174599635e-11	1.11048822563139e-43	1.59739707240067e-05	0.999984025999837	"Pattern5"	1
"ENSG00000046653"	1.49090254860542e-20	0.987133052120506	7.45323631482901e-15	4.46660444974986e-21	0.0128669478794862	"Pattern2"	1
"ENSG00000049246"	8.10779337712272e-20	0.99841960078479	2.2146507319913e-17	4.94650857950486e-17	0.00158039921520994	"Pattern2"	1
"ENSG00000067225"	9.42365596281978e-117	0.918566761739198	3.88897562082912e-81	1.31548428874378e-97	0.0814332382608021	"Pattern2"	1
"ENSG00000072210"	5.59525609513415e-22	6.01718995008384e-22	0.989860960918582	1.27702700415601e-17	0.0101390390814176	"Pattern3"	1
"ENSG00000074800"	2.6926383597673e-36	0.997889536005346	1.44189587737357e-28	2.73862895554581e-31	0.0021104639946538	"Pattern2"	1
"ENSG00000075624"	1.81260600494426e-21	0.996950302601749	7.13374311732549e-24	2.40818088168191e-13	0.00304969739800999	"Pattern2"	1
"ENSG00000079308"	4.49582374898431e-25	0.138473270646048	0.163359232514678	1.18415291607333e-38	0.698167496839275	"Pattern5"	1
"ENSG00000085563"	4.16982722053069e-83	0.936840538385849	6.72993078787694e-56	1.69039135920451e-65	0.0631594616141507	"Pattern2"	1
"ENSG00000087086"	8.7243860973411e-95	6.79308864737567e-60	0.265787694901074	2.5978530480889e-92	0.734212305098926	"Pattern5"	1
"ENSG00000091513"	0	0	1.00135639319897e-201	1.09534015352905e-234	1	"Pattern5"	1
"ENSG00000091583"	5.8407739227674e-24	7.89109664416441e-22	3.38466282349528e-19	0.996051337285123	0.00394866271487674	"Pattern4"	1
"ENSG00000095539"	2.07224786541895e-17	0.634021389855999	2.89988473092698e-09	1.17340962121313e-18	0.365978607244116	"Pattern2"	1
"ENSG00000099194"	3.24835890632572e-49	3.31615768297585e-38	0.999239771455078	2.74704599379405e-43	0.000760228544921631	"Pattern3"	1
"ENSG00000099998"	6.05825696928504e-20	0.534238454428356	5.13790216017045e-23	7.09722297972369e-08	0.465761474599414	"Pattern2"	1
"ENSG00000100342"	3.29301950553459e-30	3.07739730660473e-22	0.999999999737038	7.04142258228836e-41	2.62961714567348e-10	"Pattern3"	1
"ENSG00000101049"	3.8002810568253e-26	0.99999999999879	6.26124498145595e-26	2.74692647189552e-31	1.21007906895421e-12	"Pattern2"	1
"ENSG00000102144"	2.14922547099488e-43	0.00498899359819164	3.57421393826003e-21	4.2100648781123e-44	0.995011006401808	"Pattern5"	1
"ENSG00000104635"	3.06885000469922e-27	2.60199785747015e-36	0.999999999997232	1.56224531187603e-25	2.76849846784198e-12	"Pattern3"	1
"ENSG00000105398"	3.09955706218525e-258	2.85235558286628e-58	3.28816880231723e-68	3.08560524793074e-269	1	"Pattern5"	1
"ENSG00000105974"	3.14417455614694e-71	0.00186716851874472	6.30256586413738e-39	7.45653767037878e-69	0.998132831481255	"Pattern5"	1
"ENSG00000106258"	2.3526541767019e-297	9.54979232642972e-17	3.69163029672235e-159	1.91302799376936e-261	1	"Pattern5"	1
"ENSG00000106366"	3.35592656909436e-154	1.25647334110796e-05	2.3158833000283e-75	3.5513719449792e-158	0.999987435266589	"Pattern5"	1
"ENSG00000106853"	0	4.92256507728401e-98	3.48543485852306e-112	0	1	"Pattern5"	1
"ENSG00000107159"	6.64156697753763e-107	4.85189171750069e-07	6.57945055369889e-43	4.98136822830878e-117	0.999999514810828	"Pattern5"	1
"ENSG00000107957"	4.33294359678075e-39	0.999999821889608	1.01047954323126e-50	3.14590272141549e-16	1.78110392189333e-07	"Pattern2"	1
"ENSG00000108448"	3.13810442151689e-46	7.62218780453843e-42	0.999999999996769	6.12190120235947e-52	3.23048421996065e-12	"Pattern3"	1
"ENSG00000108602"	1.91336407231036e-92	5.54417931952503e-89	1.79471074831568e-37	1.12743169377262e-12	0.999999999998873	"Pattern5"	1
"ENSG00000111640"	1.98271687551274e-19	0.992935097746268	2.12309515647548e-21	5.69139105081977e-12	0.00706490224804078	"Pattern2"	1
"ENSG00000111799"	3.81548216140838e-80	0.999999999999674	2.45381460455516e-70	8.65635993154082e-71	3.26132649686153e-13	"Pattern2"	1
"ENSG00000111859"	2.32381735976173e-60	0.999999999985066	8.78513404179856e-67	1.04528125462394e-40	1.49341447505226e-11	"Pattern2"	1
"ENSG00000113889"	3.13938473280902e-38	8.17645648980161e-11	7.596631383337e-42	5.16181660984346e-05	0.999948381752137	"Pattern5"	1
"ENSG00000113905"	6.26917902904054e-19	0.999998442582713	3.25329888732245e-32	1.48273969249342e-06	7.4677594271442e-08	"Pattern2"	1
"ENSG00000115306"	8.98427886349862e-33	0.993822787690278	7.35774434141075e-25	1.98332789589116e-29	0.00617721230972251	"Pattern2"	1
"ENSG00000115738"	4.34253616019679e-17	1.04752318371925e-12	0.984982339359208	4.47312246081724e-18	0.0150176606397441	"Pattern3"	1
"ENSG00000115758"	4.48800198918299e-17	0.999999999995783	1.48217216103351e-17	2.78303643463464e-26	4.2164709842436e-12	"Pattern2"	1
"ENSG00000116133"	1.84287857620301e-88	0.69323725747814	6.38900559895246e-56	5.29514638150428e-75	0.30676274252186	"Pattern2"	1
"ENSG00000116882"	9.41106714712368e-21	1.73216628625622e-13	6.04434117707111e-33	0.999999999898083	1.01743571021326e-10	"Pattern4"	1
"ENSG00000117594"	4.38238684750644e-17	0.968547824301813	2.22625651191271e-19	6.32397796360327e-09	0.0314521693742094	"Pattern2"	1
"ENSG00000117601"	1.59225369343918e-70	0.999999998502011	8.37117674779007e-47	6.20614161830146e-72	1.497989011521e-09	"Pattern2"	1
"ENSG00000118523"	1.91510750225746e-92	0.999999999985653	5.73432380474122e-71	3.00414986450139e-87	1.43473922450755e-11	"Pattern2"	1
"ENSG00000118898"	3.9372855030239e-39	0.999427138540864	1.3649266027057e-31	1.77784509707522e-33	0.000572861459135929	"Pattern2"	1
"ENSG00000119711"	4.24438575206208e-79	0.999999962719072	2.22651180594039e-86	1.76255146414225e-39	3.72809278830095e-08	"Pattern2"	1
"ENSG00000119938"	1.07429358640918e-42	2.44053263608841e-36	0.989169978807379	3.19349841060829e-33	0.0108300211926208	"Pattern3"	1
"ENSG00000120708"	2.42971684258396e-20	0.9851421814996	3.8409530780052e-15	4.68750135279575e-20	0.0148578185003963	"Pattern2"	1
"ENSG00000121691"	1.01658931509341e-57	0.999999999999879	4.3370377767161e-57	2.28863184480033e-47	1.21450497693696e-13	"Pattern2"	1
"ENSG00000122787"	1.793481193872e-63	0.999999999999199	9.78439869256057e-54	2.01837400110943e-54	8.00870203930111e-13	"Pattern2"	1
"ENSG00000123416"	3.17564016798288e-48	3.62687084504124e-21	2.61920043825196e-48	0.069355078262075	0.930644921737925	"Pattern5"	1
"ENSG00000127948"	2.5337045828145e-30	3.4776754556731e-11	0.000150570179540981	3.92512126853137e-34	0.999849429785682	"Pattern5"	1
"ENSG00000129521"	8.55534645924761e-26	0.000230133563591311	0.916283183831715	4.57828592881957e-39	0.0834866826046933	"Pattern3"	1
"ENSG00000132840"	6.94037531872283e-22	0.999999999984436	3.24477473910697e-19	4.87381836354941e-31	1.55636681423103e-11	"Pattern2"	1
"ENSG00000133110"	1.65912274924964e-19	0.040615270165091	8.58702895491198e-09	6.57653683940636e-22	0.95938472124788	"Pattern5"	1
"ENSG00000134294"	2.44263450535735e-21	0.978594541364373	1.41552306771359e-14	2.92685869549811e-22	0.0214054586356128	"Pattern2"	1
"ENSG00000134333"	3.76880396766738e-56	2.17758590569881e-05	2.64685628423783e-25	1.16249486298961e-57	0.999978224140943	"Pattern5"	1
"ENSG00000136205"	3.30257008666095e-46	0.835978406439908	5.70726457322324e-48	3.47820728626262e-22	0.164021593560093	"Pattern2"	1
"ENSG00000136872"	3.5963389549404e-106	1.40328169155413e-89	1.47175188342096e-88	0.999999999999718	2.81763593293515e-13	"Pattern4"	1
"ENSG00000137801"	2.59309201278188e-20	0.999999999999708	3.44749460440887e-27	9.91389400410424e-24	2.92375514802877e-13	"Pattern2"	1
"ENSG00000138109"	5.82302644533182e-268	1.77593262726907e-124	3.19189692718608e-30	4.97578002872719e-269	1	"Pattern5"	1
"ENSG00000138115"	3.25208317741733e-175	6.76287776389619e-61	1.24543527444819e-35	1.11580106079646e-176	1	"Pattern5"	1
"ENSG00000139269"	2.28671358499486e-78	3.22025812261771e-22	2.71265694140502e-18	1.06011977651479e-81	1	"Pattern5"	1
"ENSG00000139547"	3.65419032761386e-22	0.903543858280514	9.3462623060081e-14	6.48066887388708e-22	0.0964561417193923	"Pattern2"	1
"ENSG00000140284"	4.58927350193929e-32	9.72709660269177e-09	1.53607593960921e-07	2.40897268902958e-35	0.999999836665309	"Pattern5"	1
"ENSG00000140545"	3.1498365259071e-28	0.999195288552131	1.53851938845063e-23	5.92157147715523e-25	0.000804711447868966	"Pattern2"	1
"ENSG00000142494"	4.79638184090155e-46	0.999887429409135	7.91439045163097e-21	1.92049923968161e-55	0.00011257059086535	"Pattern2"	1
"ENSG00000142657"	3.14377471517339e-27	5.06004300360982e-22	0.999999999899463	2.35286901587996e-38	1.00537288174274e-10	"Pattern3"	1
"ENSG00000142871"	1.36394090909402e-18	0.999999999997131	3.13567012488869e-29	3.60456411195124e-17	2.86949037737727e-12	"Pattern2"	1
"ENSG00000142973"	1.28991807906548e-26	0.999999999999543	5.94330675312061e-28	3.86356673670579e-32	4.57293083742983e-13	"Pattern2"	1
"ENSG00000143819"	0	2.75059683695915e-202	2.12337129668786e-29	0	1	"Pattern5"	1
"ENSG00000144810"	2.29423774544873e-17	0.999999999997618	9.72905208744195e-20	4.94839812579973e-26	2.38193018260033e-12	"Pattern2"	1
"ENSG00000144908"	1.34997111801598e-153	6.46569515336409e-57	2.40632033165269e-26	6.02862230510527e-157	1	"Pattern5"	1
"ENSG00000145192"	6.52620773107542e-86	7.48208621843017e-78	0.703240719578553	4.93044404108558e-56	0.296759280421447	"Pattern3"	1
"ENSG00000145321"	1.08327500202686e-23	5.44931189955671e-26	0.407256611035349	2.53689136181424e-12	0.592743388962114	"Pattern5"	1
"ENSG00000146674"	1.02866372659746e-24	0.999999968653898	3.29585671480532e-15	2.93341326836954e-36	3.13460992158205e-08	"Pattern2"	1
"ENSG00000147065"	6.32558101125029e-23	0.99999999998219	4.54519720807774e-20	1.82536819159814e-32	1.78098097672925e-11	"Pattern2"	1
"ENSG00000148773"	7.32767805983475e-17	2.21624108858911e-14	1.89811977663529e-27	0.999999999992001	7.97660775876507e-12	"Pattern4"	1
"ENSG00000149124"	7.06701040920196e-21	0.999984729730169	1.33260494333194e-07	4.72124305926964e-33	1.51370093366089e-05	"Pattern2"	1
"ENSG00000151224"	7.38444562354451e-94	2.89617580623886e-05	3.89651251532725e-49	1.5175505277377e-86	0.999971038241938	"Pattern5"	1
"ENSG00000151632"	0	0	0.988752122131463	0	0.0112478778685373	"Pattern3"	1
"ENSG00000152952"	6.30027246604628e-26	7.36064061462795e-06	7.9235062193388e-07	1.67926606006185e-29	0.999991847008763	"Pattern5"	1
"ENSG00000154175"	3.35656383046462e-32	0.244116842973562	2.31692286016022e-33	1.33573791689349e-13	0.755883157026304	"Pattern5"	1
"ENSG00000156096"	2.26764724498488e-72	1.26346830554308e-33	2.41832868638999e-07	3.10436628439972e-76	0.999999758167131	"Pattern5"	1
"ENSG00000156234"	2.52200366017414e-43	1.49382533693481e-26	0.579834295281236	5.14719146198197e-45	0.420165704718764	"Pattern3"	1
"ENSG00000160862"	4.83217719423869e-32	0.574456825769986	2.22752961943762e-33	2.8060877794135e-14	0.425543174229986	"Pattern2"	1
"ENSG00000160868"	0	0	0	0	1	"Pattern5"	1
"ENSG00000160870"	1.1463134369461e-257	5.02602721292263e-76	1.69147332428244e-62	1.23808482614667e-257	1	"Pattern5"	1
"ENSG00000162366"	4.74893232100806e-30	0.980040670446489	2.91093591662727e-21	2.00621790115765e-28	0.0199593295535111	"Pattern2"	1
"ENSG00000163283"	1.17300144170402e-49	0.999883211763874	2.32271353147591e-62	5.63067796198198e-18	0.00011678823612644	"Pattern2"	1
"ENSG00000164237"	7.53200440889127e-29	0.986122800344663	5.18972919740515e-07	1.06740289129192e-41	0.0138766806824174	"Pattern2"	1
"ENSG00000164761"	1.00154843525471e-27	0.999999999999723	1.20286242641114e-33	2.58892232420027e-28	2.77184690174047e-13	"Pattern2"	1
"ENSG00000165092"	5.82360063811779e-102	1.28954499752309e-45	3.57021806373533e-11	1.02823690641423e-104	0.999999999964298	"Pattern5"	1
"ENSG00000165841"	1.50980286225312e-231	3.18388236641098e-43	4.28488201818832e-80	4.28678717096964e-224	1	"Pattern5"	1
"ENSG00000166347"	0	5.75212050094622e-95	0	0	1	"Pattern5"	1
"ENSG00000167165"	9.96094653795883e-20	1.3312914307201e-22	0.0911995349975954	6.06428161397712e-09	0.908800458938123	"Pattern5"	1
"ENSG00000167588"	6.91651071337399e-25	0.999999999993097	3.35541376640949e-35	2.01126865950292e-18	6.90318847743391e-12	"Pattern2"	1
"ENSG00000169908"	3.58401110268028e-19	0.999999999999792	2.2957115078605e-26	8.10414821194133e-23	2.08053963681217e-13	"Pattern2"	1
"ENSG00000171903"	1.15390106429156e-20	8.71468254188334e-20	0.999999999987985	1.20245697076361e-31	1.20149751605273e-11	"Pattern3"	1
"ENSG00000173706"	2.64142007951011e-22	0.999999998286599	1.74217124554592e-15	1.50134144372371e-33	1.71339973349342e-09	"Pattern2"	1
"ENSG00000175899"	4.64748867611528e-63	6.10056085367646e-67	6.03738710738456e-13	3.04609764281454e-19	0.999999999999396	"Pattern5"	1
"ENSG00000176153"	1.87553814087233e-114	4.06102388717536e-86	0.999999998707005	5.37394981475747e-118	1.29299510356557e-09	"Pattern3"	1
"ENSG00000182704"	3.95404094651812e-54	7.93081261024701e-30	0.0125651737332435	2.03610706292489e-57	0.987434826266757	"Pattern5"	1
"ENSG00000184009"	7.53357184900939e-28	0.996783011425136	4.6934786717981e-27	9.33614627329529e-20	0.00321698857486362	"Pattern2"	1
"ENSG00000185567"	4.71998695695909e-52	0.976856642778361	2.17947132117239e-49	5.34180785910195e-32	0.0231433572216391	"Pattern2"	1
"ENSG00000186480"	1.85138140228181e-41	1.42694601402924e-25	2.31424090509047e-51	0.999999999884439	1.15561328810917e-10	"Pattern4"	1
"ENSG00000186529"	3.80768189453513e-310	2.73466396229254e-48	1.72018979981038e-118	2.1426857899756e-299	1	"Pattern5"	1
"ENSG00000186951"	5.10694964273921e-19	0.999999999999759	2.61969060082089e-26	2.6580928953645e-21	2.40878692761412e-13	"Pattern2"	1
"ENSG00000187048"	7.84011215359677e-76	0.999999999987042	2.11272206642146e-59	3.67137692406e-74	1.29578964678752e-11	"Pattern2"	1
"ENSG00000187097"	6.36222547537948e-88	0.0286075894650439	8.78391517352228e-37	2.66487435666749e-94	0.971392410534956	"Pattern5"	1
"ENSG00000187134"	5.21042259977364e-247	1.16094835791922e-160	0.999962805481725	9.50739558236204e-238	3.71945182755201e-05	"Pattern3"	1
"ENSG00000196139"	1.23758210636003e-99	9.79126452532319e-53	0.99392148342968	1.94545316930353e-109	0.00607851657031972	"Pattern3"	1
"ENSG00000196262"	8.7770778444606e-21	0.201598873183155	3.40447703306592e-24	7.05114817579443e-07	0.798400421702028	"Pattern5"	1
"ENSG00000197142"	2.03499131483094e-67	0.999999999999881	2.91802336558896e-64	3.11370808482239e-54	1.18810499700486e-13	"Pattern2"	1
"ENSG00000197408"	0	0	0.999999999883133	0	1.16866791962949e-10	"Pattern3"	1
"ENSG00000198077"	3.21370412947909e-46	3.76637171239778e-34	0.724815091239278	2.62251523319448e-46	0.275184908760722	"Pattern3"	1
"ENSG00000198585"	9.7096351382097e-29	0.999999999995127	1.63302309222245e-38	5.5308648444274e-21	4.87346090118957e-12	"Pattern2"	1
"ENSG00000198848"	1.25682100151019e-216	4.1812878202218e-110	4.29440321435017e-17	1.99725819032403e-214	1	"Pattern5"	1
"ENSG00000205542"	1.86870991118926e-43	0.0432239059063597	2.25609303552703e-22	6.64898447921258e-44	0.95677609409364	"Pattern5"	1
"ENSG00000210082"	3.76924698916603e-21	0.997901367624721	5.02655835779043e-26	1.1751675607043e-09	0.00209863120011112	"Pattern2"	1
"ENSG00000211452"	2.65160039095422e-20	0.994955333088477	9.8703028032054e-19	2.40153455540085e-15	0.00504466691152072	"Pattern2"	1
"ENSG00000241119"	2.28508885953187e-292	0.27835349835477	3.48800310392203e-172	2.3176000497253e-257	0.72164650164523	"Pattern5"	1
"ENSG00000241635"	0	6.10964097484077e-216	2.66504245942032e-44	0	1	"Pattern5"	1
"ENSG00000242265"	4.31114452329178e-19	1.01720771662508e-05	0.0108825639922143	2.06849690462125e-23	0.98910726393062	"Pattern5"	1
"ENSG00000243649"	4.76331039372796e-26	1.01873867554211e-39	0.447814493234241	0.0115008496694202	0.540684657096339	"Pattern5"	1
"ENSG00000243955"	2.94497023488533e-153	4.81762514469693e-06	1.71662607902148e-86	1.88707602388646e-134	0.999995182374855	"Pattern5"	1
"ENSG00000244414"	3.84885476178109e-29	0.996327356072682	3.1175488029595e-27	4.50283411551753e-20	0.00367264392731759	"Pattern2"	1
"ENSG00000244474"	5.83957079183066e-17	0.000126069483366366	0.000140100444771451	5.16810024923234e-19	0.999733830071862	"Pattern5"	1
"ENSG00000248527"	1.15631665461136e-20	0.998323097516254	3.447160971107e-21	2.52819033273435e-14	0.00167690248372089	"Pattern2"	1
"ENSG00000249839"	1.90444190004315e-22	0.961914934895157	7.91749439761985e-17	1.65447184768981e-23	0.0380850651048433	"Pattern2"	1
"ENSG00000250799"	7.98093466224008e-47	4.88029462263993e-06	4.30521431164123e-19	2.74128978037956e-46	0.999995119705377	"Pattern5"	1
"ENSG00000256618"	5.33283857919965e-25	0.999999999997884	6.12056813133418e-24	1.00428941389847e-31	2.11552123662357e-12	"Pattern2"	1
"ENSG00000257017"	1.0481730164866e-72	1.50719669127345e-73	5.23920357278175e-05	4.01912939513878e-36	0.999947607964272	"Pattern5"	1
"ENSG00000258377"	3.71551252621798e-70	1.45951055667173e-82	2.40024522148373e-35	0.0348044174767111	0.965195582523289	"Pattern5"	1
"ENSG00000265190"	2.57399248219093e-52	0.999999999999798	3.10112709670308e-52	8.4230682742302e-47	2.02358838342752e-13	"Pattern2"	1
"ENSG00000268173"	1.07143324639575e-19	2.22262238064454e-21	0.999999999999375	1.03494613758326e-21	6.25071708958865e-13	"Pattern3"	1
"ENSG00000269547"	1.0949747919865e-17	1.24747907942553e-14	1.16916918186072e-23	0.999999999986306	1.36812792906363e-11	"Pattern4"	1
"ENSG00000275216"	4.94728323183462e-20	0.999999999999507	2.16387705279332e-24	4.09331535508027e-26	4.93396975790947e-13	"Pattern2"	1
"ENSG00000276911"	1.38283116311291e-33	0.93283615777209	1.08368241478454e-31	7.82305691152363e-18	0.0671638422279099	"Pattern2"	1
"ENSG00000282883"	3.10536821170096e-58	3.11162139754337e-36	0.241832523692784	1.40194591389194e-57	0.758167476307216	"Pattern5"	1
"ENSG00000283029"	2.74763736018537e-78	9.25662488186428e-06	2.59453381016643e-90	1.69160221158492e-26	0.999990743375118	"Pattern5"	1
"ENSG00000011347"	2.03067114919388e-25	3.26023004254601e-08	0.000105551116637359	1.84695839746084e-28	0.999894416281062	"Pattern5"	1
"ENSG00000104419"	1.03498836107258e-67	9.06326578481652e-35	0.000788283575290968	2.9168142819269e-66	0.999211716424709	"Pattern5"	1
"ENSG00000108846"	6.82054442394773e-20	0.999999999498842	8.47989553415875e-33	3.31999587776398e-11	4.67958051304361e-10	"Pattern2"	1
"ENSG00000109084"	2.3950238363159e-31	0.999999860402523	3.22520982269354e-17	1.79396513367358e-41	1.39597477374543e-07	"Pattern2"	1
"ENSG00000112096"	1.20506502615499e-16	1.47131710996615e-14	0.998014856158624	6.85018617024627e-17	0.00198514384136123	"Pattern3"	1
"ENSG00000130600"	2.4860637488353e-16	0.770096377318906	6.05512398429956e-10	4.76614608010453e-18	0.229903622075582	"Pattern2"	1
"ENSG00000130649"	2.97443684992438e-63	7.43990279607462e-64	0.999999999996974	7.81258651561914e-52	3.02625580911045e-12	"Pattern3"	1
"ENSG00000131069"	6.75824488250518e-31	4.69079397258611e-09	2.87147037892022e-44	0.999991901895042	8.09341416390521e-06	"Pattern4"	1
"ENSG00000138356"	3.07632619817817e-42	0.999074783037735	3.55122935386351e-35	6.77892235134623e-32	0.000925216962264823	"Pattern2"	1
"ENSG00000138413"	1.47886522731162e-34	0.998256367514087	4.00586111733727e-30	3.56875068457901e-25	0.00174363248591319	"Pattern2"	1
"ENSG00000140465"	5.00097960937075e-61	2.5196117852633e-55	7.32548839162268e-43	0.999999999733312	2.66688146106155e-10	"Pattern4"	1
"ENSG00000148677"	2.20462758705428e-39	0.999999997559722	6.77091954116153e-27	3.46080144456869e-48	2.44027744259202e-09	"Pattern2"	1
"ENSG00000160211"	9.14646242088811e-17	1.45269520236901e-13	1.16375950091902e-15	0.993947966694913	0.00605203330493994	"Pattern4"	1
"ENSG00000160691"	1.51624767411203e-17	0.982703006176501	1.69367710277091e-19	1.3921541906815e-10	0.0172969936842832	"Pattern2"	1
"ENSG00000162365"	7.05366633052375e-27	0.999999999999431	2.35399816820183e-34	5.28484008661122e-26	5.69373351764811e-13	"Pattern2"	1
"ENSG00000179218"	9.48555027472991e-24	0.0243857912235848	2.80704814128413e-27	4.04891161169935e-07	0.975613803885254	"Pattern5"	1
"ENSG00000182718"	1.20619512088688e-108	0.999999999999693	2.6487199463108e-89	2.78843320273729e-93	3.07117689640111e-13	"Pattern2"	1
"ENSG00000187758"	3.87574318397527e-17	7.81237379988114e-13	0.979364850114131	9.25880345692182e-18	0.0206351498850873	"Pattern3"	1
"ENSG00000196230"	2.65076228500293e-39	2.867139825135e-16	2.73526886607776e-51	0.999999828025481	1.71974519051613e-07	"Pattern4"	1
"ENSG00000197747"	1.11670834452709e-16	0.999999999339769	1.45697772427259e-12	1.67749802725271e-28	6.58773584891935e-10	"Pattern2"	1
"ENSG00000198074"	0	0	0.995211888867632	0	0.00478811113236779	"Pattern3"	1
"ENSG00000221926"	1.60360534180819e-28	5.91129560674437e-30	0.999999999998234	6.02592451797538e-36	1.76603078728628e-12	"Pattern3"	1
"ENSG00000244067"	8.45715788990868e-58	0.000266423458998687	5.21804635756888e-28	1.83072396068573e-55	0.999733576541001	"Pattern5"	1
"ENSG00000255974"	1.85752306800432e-211	4.38098299046552e-148	0.0288559527387794	4.06367055380773e-195	0.97114404726122	"Pattern5"	1
"ENSG00000256612"	1.94523845827913e-107	1.69166461864278e-76	0.0360040372235847	4.13637410660496e-106	0.963995962776415	"Pattern5"	1
"ENSG00000271303"	3.14115496648055e-64	2.51527054843348e-57	0.999999999998761	1.83344669392237e-65	1.23913026095239e-12	"Pattern3"	1
"ENSG00000129474"	2.53925379467589e-16	0.993908511653167	3.05538186241109e-17	5.21932354081156e-12	0.00609148834161387	"Pattern2"	1
"ENSG00000158104"	1.67379393200114e-16	0.998050358511384	9.51631394213331e-17	6.76609196775128e-13	0.0019496414879395	"Pattern2"	1
"ENSG00000166598"	3.37485194332773e-16	0.998314645246601	3.47700476865978e-17	1.3749846036942e-12	0.00168535475202377	"Pattern2"	1
"ENSG00000166025"	5.5425102940786e-16	1.10597995487132e-07	0.999999278762129	4.00599587042815e-29	6.10639875053793e-07	"Pattern3"	0.999999999999999
"ENSG00000171560"	6.43668567908093e-16	1.40718523866425e-17	3.75642856150932e-10	0.959936615785245	0.0400633838391112	"Pattern4"	0.999999999999999
"ENSG00000183044"	5.37396853242453e-16	5.1595068558133e-22	3.45880276657296e-22	0.999999999999725	2.74230682928211e-13	"Pattern4"	0.999999999999999
"ENSG00000117450"	7.91669770138999e-16	0.999999812777574	8.59959321338369e-08	1.20273841786247e-28	1.01226492903331e-07	"Pattern2"	0.999999999999999
"ENSG00000228278"	6.84816859445018e-16	1.90770918340089e-05	9.09673979556932e-30	0.999980895536464	2.73717011188701e-08	"Pattern4"	0.999999999999999
"ENSG00000100652"	9.21071950500016e-16	0.999999999516258	8.48698278801027e-28	3.00104528019188e-10	1.83636767650684e-10	"Pattern2"	0.999999999999999
"ENSG00000166741"	1.89376495796258e-15	0.997629608924238	5.74966598996678e-15	8.76670655515573e-14	0.00237039107566674	"Pattern2"	0.999999999999998
"ENSG00000163513"	2.03130113746093e-15	0.99687748930416	2.28896791324802e-15	3.96392528982252e-13	0.00312251069543954	"Pattern2"	0.999999999999998
"ENSG00000100889"	2.16751556911324e-15	0.998258731073499	3.72101122735459e-16	1.5169798096993e-11	0.00174126891132827	"Pattern2"	0.999999999999998
"ENSG00000140093"	2.07872111096701e-15	0.880920919768226	2.79689380235509e-18	9.4697379549563e-07	0.119078133257976	"Pattern2"	0.999999999999998
"ENSG00000179761"	2.29434020724163e-15	0.999999999999547	1.64021656107737e-19	6.04233219699901e-23	4.50637027261698e-13	"Pattern2"	0.999999999999998
"ENSG00000170099"	2.66486137061037e-15	0.999999999998705	1.37810366508226e-25	2.58330466799746e-15	1.28939565573944e-12	"Pattern2"	0.999999999999997
"ENSG00000164089"	4.20741884310062e-15	0.999999999999619	3.39707803189688e-22	3.54618074357062e-19	3.76841440169026e-13	"Pattern2"	0.999999999999996
"ENSG00000136881"	4.75626859416663e-15	1.61467863938207e-17	0.584468511396178	8.38928513911749e-08	0.415531404710966	"Pattern3"	0.999999999999995
"ENSG00000087842"	5.71971412317131e-15	1.86808239816559e-19	0.999999999997403	1.02084580634533e-24	2.59163229832122e-12	"Pattern3"	0.999999999999994
"ENSG00000241978"	6.19029911173754e-15	0.744673461543519	7.80366875547646e-08	2.20748888550136e-17	0.255326460419787	"Pattern2"	0.999999999999994
"ENSG00000198899"	7.86679962346829e-15	0.965348689895425	1.83860910311028e-19	1.95657885792519e-05	0.0346317443159879	"Pattern2"	0.999999999999992
"ENSG00000138823"	8.05236079696077e-15	0.992676021005962	2.27410687078781e-16	1.06701836781425e-09	0.00732397792701127	"Pattern2"	0.999999999999992
"ENSG00000249948"	8.62632194093698e-15	0.995117887993812	1.8199226468433e-15	6.19003004269548e-11	0.00488211194427686	"Pattern2"	0.999999999999991
"ENSG00000244062"	8.79637999405898e-15	5.60593790181567e-13	0.975235688188725	3.23473560540651e-13	0.024764311810382	"Pattern3"	0.999999999999991
"ENSG00000261578"	1.16703072020223e-14	0.000365543375870895	0.00257109651797833	1.48765478645818e-17	0.997063360106139	"Pattern5"	0.999999999999988
"ENSG00000100024"	1.89479147595064e-14	0.999999999999477	2.98767893654806e-24	3.52286715909939e-16	5.03823509980365e-13	"Pattern2"	0.999999999999981
"ENSG00000135423"	2.29427690405089e-14	0.99999999999845	2.03110099645731e-24	7.48063834932238e-15	1.51954759903224e-12	"Pattern2"	0.999999999999977
"ENSG00000111057"	3.05654759447061e-14	0.99836084941228	3.71750659115432e-16	7.36141690583862e-11	0.00163915051407486	"Pattern2"	0.999999999999969
"ENSG00000170525"	3.16217308080889e-14	0.988345975568846	1.45071533182029e-11	1.21964140216896e-14	0.0116540244166033	"Pattern2"	0.999999999999968
"ENSG00000186081"	5.33504784914245e-14	0.999999999999477	5.82170004975989e-21	1.4625698681906e-20	4.69595435831612e-13	"Pattern2"	0.999999999999947
"ENSG00000163590"	8.20776516347926e-14	0.995972042509848	1.07015557586416e-14	2.1200681673142e-10	0.00402795727805193	"Pattern2"	0.999999999999918
"ENSG00000122194"	1.20425975808272e-13	0.998924783183847	3.69974234415882e-14	9.567644331728e-12	0.00107521680642746	"Pattern2"	0.99999999999988
"ENSG00000131016"	1.80772808672223e-13	3.04539678194192e-15	5.44442829528258e-08	0.824280622274577	0.175719323280957	"Pattern4"	0.999999999999819
"ENSG00000128052"	2.20685384096403e-13	0.99999999999761	1.76505360171409e-16	4.29809850642199e-23	2.16954266918683e-12	"Pattern2"	0.999999999999779
"ENSG00000171766"	2.49011244990811e-13	5.86095919621937e-10	0.990834625974416	1.59693885409881e-15	0.00916537343923785	"Pattern3"	0.999999999999751
"ENSG00000243135"	2.49703184104431e-13	1.81151332536895e-08	0.819623723070075	7.40850327092975e-16	0.180376258814541	"Pattern3"	0.99999999999975
"ENSG00000229314"	3.53972574433292e-13	1.81308312051983e-06	5.10985156532323e-17	0.98631562302008	0.0136825638964455	"Pattern4"	0.999999999999646
"ENSG00000186919"	3.82852666232952e-13	0.928178760605668	5.75511374295711e-09	6.71768923896106e-13	0.0718212336381641	"Pattern2"	0.999999999999617
"ENSG00000148702"	4.83538893039558e-13	0.999999999563991	1.06884681524332e-10	7.24440132637528e-25	3.28641133514774e-10	"Pattern2"	0.999999999999516
"ENSG00000109193"	6.12282911471497e-13	0.999999999996401	8.59568034640075e-17	2.10849820685908e-22	2.98642738061718e-12	"Pattern2"	0.999999999999388
"ENSG00000148175"	6.68221543689338e-13	0.998852280307763	1.1905172544706e-12	1.33826884966884e-12	0.00114771968904045	"Pattern2"	0.999999999999332
"ENSG00000187514"	1.17117800229231e-12	7.20560049106794e-09	2.28461373829349e-25	0.999999992695479	9.77495625771068e-11	"Pattern4"	0.999999999998829
"ENSG00000257607"	1.18946066933475e-12	2.83444672810605e-20	9.59624173924706e-22	0.999999999993415	5.39525785568181e-12	"Pattern4"	0.999999999998811
"ENSG00000100714"	1.28918884111963e-12	0.999999999997909	1.87602092810708e-23	4.40314203248611e-14	7.57451544064974e-13	"Pattern2"	0.999999999998711
"ENSG00000267469"	1.47803597881911e-12	0.99999999999816	7.87792364125177e-18	2.87368580543649e-15	3.58792296898762e-13	"Pattern2"	0.999999999998522
"ENSG00000171564"	1.49840000896851e-12	2.22840195284438e-10	0.99824332421157	6.46288937180769e-15	0.00175667556408483	"Pattern3"	0.999999999998502
"ENSG00000130821"	2.12110250329583e-12	1.22192788383434e-08	0.999999982555698	6.80628429620629e-25	5.22290158964796e-09	"Pattern3"	0.999999999997879
"ENSG00000105607"	2.18164902713949e-12	0.992326507324172	7.20116913135791e-11	7.31503015396583e-12	0.00767349259431974	"Pattern2"	0.999999999997818
"ENSG00000173227"	2.74508166914278e-12	0.999999999996718	4.66701225242763e-19	8.06708887128705e-20	5.37269936741851e-13	"Pattern2"	0.999999999997255
"ENSG00000099994"	3.06889507396669e-12	0.91929870603129	9.35005380535457e-15	1.3814913915907e-06	0.0806999124742406	"Pattern2"	0.999999999996931
"ENSG00000171234"	4.39382845382424e-12	0.00244698404233047	0.0355085142522582	1.31242054411655e-15	0.962044501701016	"Pattern5"	0.999999999995606
"ENSG00000145920"	4.53319173870013e-12	9.97071384990319e-14	0.941350769366764	1.37178956565491e-09	0.0586492292568131	"Pattern3"	0.999999999995467
"ENSG00000101084"	5.12995752757018e-12	0.786435269126184	7.78686434409444e-05	5.67330172694234e-16	0.213486862225244	"Pattern2"	0.99999999999487
"ENSG00000198099"	5.27041282017297e-12	3.93788668702392e-13	2.24246479408491e-09	0.975475653714665	0.0245243440372063	"Pattern4"	0.99999999999473
"ENSG00000148834"	5.87650549217614e-12	0.000286970724288829	0.999711887013705	1.65968245652546e-25	1.14225612945211e-06	"Pattern3"	0.999999999994123
"ENSG00000118271"	7.91448235123546e-12	0.999999999991797	3.67414062288416e-17	1.45406969044887e-20	2.8831185274857e-13	"Pattern2"	0.999999999992085
"ENSG00000163399"	8.47063776635892e-12	1.36465568835286e-12	0.996302496824302	3.47169334384249e-11	0.0036975031311456	"Pattern3"	0.999999999991529
"ENSG00000149428"	8.77833623660202e-12	0.379161044781626	3.35924859508422e-15	0.00292010736679705	0.617918847842795	"Pattern5"	0.999999999991222
"ENSG00000163347"	1.07199715732412e-11	4.36015451987374e-06	0.782968633811195	1.46418524192446e-14	0.21702700602355	"Pattern3"	0.99999999998928
"ENSG00000062282"	1.40368972457901e-11	7.67047768119047e-05	1.14267636303734e-14	0.836094487635979	0.163828807573161	"Pattern4"	0.999999999985963
"ENSG00000092621"	1.54579727888672e-11	0.0218534812403466	0.00297691591329547	1.78283671523792e-14	0.975169602830882	"Pattern5"	0.999999999984542
"ENSG00000116761"	1.5901079733559e-11	0.999999999983274	3.79556019314121e-21	1.95072568677082e-14	8.05647094008989e-13	"Pattern2"	0.999999999984099
"ENSG00000264230"	1.78989889819551e-11	0.923142723310094	3.51457675825194e-14	6.68144538978248e-06	0.0768505952265823	"Pattern2"	0.999999999982101
"ENSG00000116171"	2.07470212726108e-11	0.022011686252602	2.60604974805515e-15	0.286447324426388	0.69154098930026	"Pattern5"	0.999999999979253
"ENSG00000163931"	2.16108752737018e-11	2.24749471828103e-14	0.889161894545031	8.38277147122994e-07	0.110837267156188	"Pattern3"	0.999999999978389
"ENSG00000136868"	3.51395820775533e-11	0.999999999964414	1.91145821852926e-16	5.71563735066187e-20	4.45753340650074e-13	"Pattern2"	0.99999999996486
"ENSG00000167910"	3.52430767366215e-11	0.674574894225172	4.70375445485147e-14	0.000544609700216302	0.324880496039321	"Pattern2"	0.999999999964757
"ENSG00000183091"	3.95065120395618e-11	6.27507836295088e-10	0.988004263747631	9.07722130916478e-12	0.0119957355762775	"Pattern3"	0.999999999960494
"ENSG00000140575"	4.62807148521901e-11	0.986580606061903	9.6195868426963e-09	1.53679736218352e-12	0.0134193842706931	"Pattern2"	0.999999999953719
"ENSG00000121060"	5.28373940774136e-11	0.999999999945832	6.14656605582951e-15	1.37869662585156e-20	1.32446813279572e-12	"Pattern2"	0.999999999947163
"ENSG00000106261"	6.37280402492737e-11	3.59635695759358e-16	3.27494070264492e-20	0.999999999935931	3.40301373073246e-13	"Pattern4"	0.999999999936272
"ENSG00000067082"	7.0099245067128e-11	0.00707803839459604	0.0873245537900013	1.14374498061456e-14	0.905597407745292	"Pattern5"	0.999999999929901
"ENSG00000165959"	8.2481008326785e-11	0.971864129663312	4.31513425624238e-13	3.10200523093935e-06	0.0281327682485446	"Pattern2"	0.999999999917519
"ENSG00000114867"	8.57513639579649e-11	0.904171603970524	4.10935829649326e-14	0.000138360773100202	0.095690035170583	"Pattern2"	0.999999999914249
"ENSG00000110955"	8.85957907974404e-11	0.999560918092233	2.55075670911249e-12	3.12107074718051e-10	0.000439081504513104	"Pattern2"	0.999999999911404
"ENSG00000155660"	1.01843110400118e-10	0.920553129363936	5.20490060721405e-14	8.20902751033621e-05	0.0793647802590657	"Pattern2"	0.999999999898157
"ENSG00000074416"	1.0607628865937e-10	0.999999999892398	3.36361391801033e-15	1.42936597220152e-20	1.52190752179219e-12	"Pattern2"	0.999999999893924
"ENSG00000176171"	1.76115706261228e-10	6.27868763165505e-11	0.999999999703935	6.61628639106502e-23	5.71619060128206e-11	"Pattern3"	0.999999999823884
"ENSG00000140416"	2.21111829961151e-10	0.472252359403318	0.000177128805780563	2.97484087402114e-13	0.527570511569492	"Pattern5"	0.999999999778888
"ENSG00000167601"	2.33580855154959e-10	0.999999999765992	5.6919293864439e-19	5.62366995372816e-17	4.27550093005442e-13	"Pattern2"	0.999999999766419
"ENSG00000196754"	2.43540643602622e-10	0.993131742944357	1.04237264716959e-11	9.62930893507649e-09	0.00686824717236964	"Pattern2"	0.999999999756459
"ENSG00000166710"	2.65857809322e-10	1.43263167954955e-08	5.55448192037633e-12	0.996597107938929	0.00340287746334209	"Pattern4"	0.999999999734142
"ENSG00000165449"	4.0477348769548e-10	0.999999999593891	2.20114171513258e-19	1.69071583932687e-13	1.16665934965167e-12	"Pattern2"	0.999999999595227
"ENSG00000146678"	4.27742769821639e-10	0.0988685670397169	0.901112570904722	4.61696716141467e-23	1.88616278185605e-05	"Pattern3"	0.999999999572257
"ENSG00000172828"	5.07715456196304e-10	6.77476337874974e-12	0.999999999460467	2.2008727776617e-21	2.50428447810788e-11	"Pattern3"	0.999999999492284
"ENSG00000101210"	5.35355546851033e-10	0.992590285112099	3.7772608575075e-11	8.60155591055919e-09	0.00740970571321728	"Pattern2"	0.999999999464644
"ENSG00000260916"	5.77895710728437e-10	0.972573186551804	2.60532285161045e-12	6.96840224352327e-06	0.0274198444654511	"Pattern2"	0.999999999422104
"ENSG00000167553"	6.00297865233276e-10	7.74949814696341e-10	7.14416796497429e-10	0.995524903932176	0.00447509397815992	"Pattern4"	0.999999999399702
"ENSG00000173559"	6.65393440747626e-10	0.0280197355737778	0.0231439906460877	4.17844268160782e-13	0.948836273114323	"Pattern5"	0.999999999334606
"ENSG00000087460"	6.80164535447971e-10	0.998239135398256	1.78913258044333e-10	5.09475313404358e-10	0.00176086323319108	"Pattern2"	0.999999999319835
"ENSG00000198763"	7.44923948728916e-10	0.999914314185926	3.26426150410541e-12	1.04897312909051e-09	8.56840169122006e-05	"Pattern2"	0.999999999255076
"ENSG00000204580"	8.99305688490293e-10	0.992842363586061	1.38030929887032e-11	6.52981128951359e-08	0.00715757020271733	"Pattern2"	0.999999999100694
"ENSG00000111666"	1.00236584517133e-09	0.999999998997383	7.14202128138977e-19	2.54229780772898e-15	2.48488590336753e-13	"Pattern2"	0.999999998997634
"ENSG00000276850"	1.08613712783201e-09	0.996089242203525	1.26690740128072e-10	3.01059997433026e-09	0.00391075357304763	"Pattern2"	0.999999998913863
"ENSG00000167315"	1.23048823461072e-09	7.04104241043172e-07	0.97439218946261	3.29771384315891e-12	0.0256071051993626	"Pattern3"	0.999999998769512
"ENSG00000079557"	1.23497145297955e-09	4.77660424132069e-10	0.994439296711871	8.1334633716628e-10	0.00556070076215065	"Pattern3"	0.999999998765028
"ENSG00000125848"	1.45752171920361e-09	0.877794698768194	9.3097980659157e-06	6.03942014452109e-12	0.122195989970179	"Pattern2"	0.999999998542478
"ENSG00000116285"	1.77301481729134e-09	0.714946209371017	0.000210782283841762	1.55962382408307e-12	0.284843006570566	"Pattern2"	0.999999998226985
"ENSG00000158710"	2.06766134518513e-09	0.996909825189475	2.78027743261657e-11	3.75053137110583e-08	0.00309013520974706	"Pattern2"	0.999999997932339
"ENSG00000157557"	2.65047997644831e-09	0.999986874732586	1.31045942621721e-05	2.23606219506344e-22	1.80226715338505e-08	"Pattern2"	0.99999999734952
"ENSG00000170421"	2.71108564726799e-09	0.999654127303567	1.84425691249743e-12	2.76197684807144e-08	0.000345842363734391	"Pattern2"	0.999999997288914
"ENSG00000159840"	3.09136263263894e-09	0.917912146874379	2.84010642373703e-12	0.000228822692820455	0.0818590273385978	"Pattern2"	0.999999996908638
"ENSG00000164266"	3.21001058184702e-09	0.983759007061419	2.9907501771384e-12	1.65323816026982e-05	0.0162244573439771	"Pattern2"	0.999999996789989
"ENSG00000103876"	3.51567635425886e-09	0.6753967950148	0.324595723264463	1.20700553371908e-22	7.47820506134933e-06	"Pattern2"	0.999999996484324
"ENSG00000169083"	4.19454401159446e-09	0.992742319245309	2.69213826398033e-10	1.55951414310126e-07	0.00725752033951857	"Pattern2"	0.999999995805456
"ENSG00000198146"	4.27063832939298e-09	0.934593422381888	4.45634347823719e-13	0.00294145241536176	0.0624651209316658	"Pattern2"	0.999999995729362
"ENSG00000096696"	5.99545948341132e-09	0.793667759015411	0.000430874952310182	2.5970796386561e-12	0.205901360034222	"Pattern2"	0.99999999400454
"ENSG00000084734"	6.03501975252395e-09	0.999999993964741	8.58821857758738e-18	2.39176862061331e-15	2.36455672864746e-13	"Pattern2"	0.99999999396498
"ENSG00000178038"	7.01043990308283e-09	0.99999996253722	1.24194627506775e-21	3.04120584909097e-08	4.02816817407520e-11	"Pattern2"	0.99999999298956
"ENSG00000023909"	7.35285402571114e-09	1.91734142104125e-12	0.999999992637325	8.41688449641176e-21	7.90400015800125e-12	"Pattern3"	0.999999992647146
"ENSG00000198734"	8.22640507624012e-09	1.91825731818622e-07	1.32154362162599e-10	0.994535347341222	0.00546445247448703	"Pattern4"	0.999999991773595
"ENSG00000150938"	8.51645581214439e-09	0.99572046625676	1.13372956422872e-08	8.95841557712081e-10	0.00427951299364696	"Pattern2"	0.999999991483544
"ENSG00000138640"	9.25075093652483e-09	1.74067081946269e-11	0.981240707706908	2.06217333284379e-06	0.0187572208516013	"Pattern3"	0.999999990749249
"ENSG00000260604"	1.21053943258422e-08	0.0422383825664295	0.127439704402511	3.230750560319e-12	0.830321900922434	"Pattern5"	0.999999987894606
"ENSG00000168028"	1.24757177239001e-08	1.33430936292484e-11	0.00754970210437709	0.224266832829717	0.768183452576845	"Pattern5"	0.999999987524282
"ENSG00000205420"	1.25283724363065e-08	0.999999987467481	1.38172726533946e-13	5.54878362860295e-19	4.00802810255374e-12	"Pattern2"	0.999999987471628
"ENSG00000159228"	1.34389532195707e-08	1.16005667174923e-08	0.988576982337324	6.13073455140948e-10	0.0114229920100823	"Pattern3"	0.999999986561047
"ENSG00000170315"	1.50762068738241e-08	0.99999998457334	3.33126814469085e-10	1.64915018446305e-20	1.73259194011029e-11	"Pattern2"	0.999999984923793
"ENSG00000174827"	1.54169016121907e-08	2.43335311159736e-09	0.998400158606701	6.04834601325448e-10	0.00159982293820926	"Pattern3"	0.999999984583098
"ENSG00000161714"	1.80932228555082e-08	0.979644582344079	1.37106067933358e-11	6.32417207341211e-05	0.0202921578282531	"Pattern2"	0.999999981906777
"ENSG00000112294"	1.82978234648919e-08	0.694169924499106	0.000596097101525471	3.76266615153317e-11	0.305233960063918	"Pattern2"	0.999999981702177
